222222220000000000000000000000000000000000000000000000000111111111
222222220000000000000000000000000000000000000000000000000111111111
222222220000000000000000000000000000000000000000000000000111111111
222222220000000000000000000000000000000000000000000000000111111111
222222220000000000000000000000000000000000000000000000000111111111
222222220000000000000000000000000000000000000000000000000111111111
222222220000000000000000000000000000000000000000000000000111111111
222222220000000000000000000000000000000000000000000000000111111111
222222220000000000000000000000000000000000000000000000000111111111
222222220000000000000000000000000000000000000000000000000111111111
222222220000000000000000000000000000000000000000000000000111111111
222222220000000000000000000000000000000000000000000000000111111111
222222220000000000000000000000000000000000000000000000000111111111
222222220000000000000000000000000000000000000000000000000111111111
222222220000000000000000000000000000000000000000000000000111111111
222222220000000000000000000000000000000000000000000000000111111111
222222220000000000000000000000000000000000000000000000000111111111
