111111111000000000000000000000000000000000000000000000000222222222
111111111000000000000000000000000000000000000000000000000222222222
111111111000000000000000000000000000000000000000000000000222222222
111111111000000000000000000000000000000000000000000000000222222222
111111111000000000000000000000000000000000000000000000000222222222
111111111000000000000000000000000000000000000000000000000222222222
111111111000000000000000000000000000000000000000000000000222222222
111111111000000000000000000000000000000000000000000000000222222222
111111111000000000000000000000000000000000000000000000000222222222
111111111000000000000000000000000000000000000000000000000222222222
111111111000000000000000000000000000000000000000000000000222222222
111111111000000000000000000000000000000000000000000000000222222222
111111111000000000000000000000000000000000000000000000000222222222
111111111000000000000000000000000000000000000000000000000222222222
111111111000000000000000000000000000000000000000000000000222222222
111111111000000000000000000000000000000000000000000000000222222222
111111111000000000000000000000000000000000000000000000000222222222
