111111110000000000000000000000000000000000000000000000000222222222
111111110000000000000000000000000000000000000000000000000222222222
111111110000000000000000000000000000000000000000000000000222222222
111111110000000000000000000000000000000000000000000000000222222222
111111110000000000000000000000000000000000000000000000000222222222
111111110000000000000000000000000000000000000000000000000222222222
111111110000000000000000000000000000000000000000000000000222222222
111111110000000000000000000000000000000000000000000000000222222222
111111110000000000000000000000000000000000000000000000000222222222
111111110000000000000000000000000000000000000000000000000222222222
111111110000000000000000000000000000000000000000000000000222222222
111111110000000000000000000000000000000000000000000000000222222222
111111110000000000000000000000000000000000000000000000000222222222
111111110000000000000000000000000000000000000000000000000222222222
111111110000000000000000000000000000000000000000000000000222222222
111111110000000000000000000000000000000000000000000000000222222222
111111110000000000000000000000000000000000000000000000000222222222
